723
848
444
94
745
833
995
711
681
708
629
789
819
52
970
314
763
132
709
289
652
128
654
753
91
90
565
398
109
432
969
794
758
458
765
115
703
17
188
111
723
91
297
194
862
115
797
984
987
886
325
790
496
608
519
922
968
493
570
883
669
283
632
274
751
516
537
208
918
74
628
858
616
987
932
848
623
140
757
779
530
946
857
596
70
628
156
529
73
3
200
658
324
667
878
770
490
428
634
513
232
145
57
366
419
705
138
642
481
276
934
904
813
493
469
440
643
46
910
906
651
570
563
944
725
251
391
421
418
683
981
57
387
160
614
126
817
337
566
253
64
821
380
889
704
243
765
502
417
691
363
602
818
603
63
433
822
647
568
159
533
152
142
397
626
972
632
39
678
174
774
837
224
540
756
261
559
535
932
745
14
112
719
364
898
765
615
648
595
898
44
516
660
789
409
329
33
762
850
675
277
21
781
213
389
597
434
349
613
197
632
775
52
631
477
549
870
314
537
875
878
322
64
368
782
502
714
993
181
28
49
640
67
985
510
50
804
997
889
903
30
514
691
738
217
606
249
15
331
390
463
940
413
594
231
808
789
160
797
457
520
568
216
866
588
462
823
889
479
350
21
902
248
842
378
471
888
55
320
152
508
158
775
752
50
654
565
303
454
510
158
564
496
384
19
243
387
489
74
811
108
38
2
702
493
48
186
97
141
664
309
923
846
933
683
43
171
98
239
690
20
765
600
519
159
770
519
65
141
566
492
15
94
159
53
148
138
9
893
390
429
915
860
341
405
936
304
681
555
570
560
508
356
169
209
126
395
896
943
983
261
920
802
504
193
878
154
418
226
800
792
8
922
670
138
777
900
155
395
909
182
922
397
465
138
637
339
301
111
704
888
130
817
652
126
905
977
744
516
919
298
18
135
908
74
43
67
995
192
297
830
28
825
262
441
21
481
901
268
71
872
709
693
52
346
781
845
7
611
159
215
884
814
146
853
686
120
784
657
967
949
206
581
410
750
954
24
140
14
446
798
129
664
458
834
979
471
248
971
950
281
297
768
511
745
981
800
90
575
80
378
2
999
256
366
323
811
674
199
995
101
764
822
999
996
909
900
731
154
449
235
713
113
937
274
451
472
175
443
763
30
86
34
583
321
16
564
666
514
474
1
373
393
402
840
813
73
745
878
958
280
147
235
38
734
802
745
940
919
538
657
102
278
368
260
946
727
36
219
516
609
30
163
615
887
981
192
815
874
561
621
498
141
34
510
751
212
698
354
238
217
877
808
399
572
225
236
423
479
120
958
765
59
10
600
379
475
352
786
600
147
571
436
938
220
371
399
233
999
452
736
54
259
226
330
210
45
821
791
579
531
303
699
329
293
682
165
55
480
616
594
845
192
538
744
3
890
161
356
823
707
643
584
815
720
325
900
139
132
440
184
113
423
574
268
804
25
883
765
351
691
448
52
234
725
346
563
447
882
169
383
127
725
325
757
854
270
331
459
253
564
229
988
150
265
992
758
985
709
927
804
413
136
285
59
707
591
967
772
884
137
7
413
555
423
173
388
917
951
984
465
381
324
682
886
292
131
666
557
189
779
531
527
895
58
538
701
203
89
781
76
654
371
342
682
232
263
39
503
890
863
551
715
871
269
66
978
233
673
719
998
732
193
675
145
896
470
356
508
544
390
56
521
327
780
195
634
210
912
582
533
304
852
525
685
935
548
409
597
904
960
300
387
210
226
884
166
388
367
246
502
508
500
652
767
965
999
465
417
565
598
304
143
356
191
909
730
808
406
563
738
646
188
565
120
755
82
688
155
280
874
541
957
476
838
957
25
3
664
364
19
508
309
840
500
9
103
795
688
903
45
636
894
213
849
477
251
162
838
509
43
71
531
837
414
435
609
695
643
189
61
450
588
212
354
994
909
251
686
941
994
664
79
688
852
451
474
232
63
164
656
773
171
221
790
809
117
607
255
302
642
800
536
892
799
817
863
50
0
254
793
868
131
711
623
907
656
564
724
259
640
981
990
510
286
983
782
525
526
914
350
838
729
959
654
777
2
335
730
932
656
111
140
791
897
560
849
402
71
938
403
898
33
440
939
602
865
887
352
910
373
649
864
819
548
942
594
986
999
202
78
348
818
993
834
240
526
166
425
63
612
923
170
488
648
955
523
151
95
643
655
168
846
352
579
161
776
770
569
990
948
669
687
78
225
240
88
571
807
934
652
751
788
562
534
841
703
896
594
679
532
447
785
62
204
810
762
172
25
893
615
287
795
789
601
950
914
0
865
941
592
716
245
142
146
876
834
346
267
588
548
336
661
645
607
396
877
868
801
65
185
525
751
161
705
646
873
200
232
318
10
633
997
924
519
64
234
99
156
823
128
643
309
276
589
171
168
352
692
890
165
458
415
654
630
617
842
884
601
224
383
773
551
324
114
281
816
330
73
877
397
123
826
320
242
297
593
620
470
427
940
256
328
756
892
402
200
746
746
722
815
179
308
105
188
698
187
280
323
110
778
6
996
891
821
529
630
986
36
157
710
891
818
994
960
276
238
79
984
577
517
917
182
507
682
855
604
294
820
333
549
569
218
128
971
602
341
32
661
250
658
361
3
780
810
499
776
484
872
920
11
578
607
673
378
205
958
226
779
708
297
684
728
520
892
97
31
229
438
282
699
127
776
900
42
754
41
801
132
937
327
466
485
472
476
386
823
293
819
318
255
617
765
313
697
797
716
708
835
127
540
530
876
316
441
498
767
559
273
446
400
200
798
336
457
8
376
99
833
912
29
47
450
729
110
135
997
718
623
85
77
493
322
974
972
477
146
431
614
946
527
398
728
883
410
638
820
909
14
626
732
752
753
858
401
631
574
419
623
733
65
569
662
395
94
528
208
590
150
208
906
589
934
151
529
432
662
480
850
259
331
897
789
394
746
642
31
975
314
737
883
928
740
491
773
835
778
637
139
443
873
184
807
764
436
139
517
841
830
3
758
424
340
925
407
219
653
747
657
23
814
317
437
825
654
143
76
580
707
713
888
647
208
716
787
980
196
487
610
604
719
329
93
805
667
234
438
869
597
138
915
944
935
211
850
222
83
594
648
8
494
551
357
728
782
247
216
760
801
295
131
235
252
873
978
440
277
67
510
942
934
754
328
121
359
342
676
329
942
567
756
547
229
493
765
441
480
821
315
741
1
607
524
140
826
724
667
189
246
197
11
520
301
855
597
563
787
667
193
0
123
818
925
322
765
741
653
926
465
698
583
159
926
330
841
466
444
640
986
128
658
28
905
457
933
677
878
149
822
382
939
669
399
463
527
25
562
244
87
219
389
930
393
761
629
22
806
368
262
408
523
579
149
596
93
979
819
481
486
89
902
482
88
918
605
619
117
819
911
678
921
61
513
746
197
648
979
437
528
436
677
624
283
533
443
697
10
748
770
742
130
635
918
317
980
398
378
232
116
765
602
582
846
6
80
5
414
999
810
243
434
633
652
277
374
176
664
782
363
294
142
88
382
192
697
249
129
193
464
637
8
458
86
361
610
651
775
536
65
26
735
38
392
122
520
721
704
152
47
984
758
207
604
548
917
547
661
963
460
434
70
123
644
303
86
435
977
992
489
821
250
647
854
392
574
485
796
539
172
418
190
683
327
346
128
429
404
329
980
879
10
703
998
760
717
759
936
848
847
785
706
458
428
415
586
391
632
461
469
132
111
761
231
75
24
562
212
751
751
822
139
800
686
387
956
583
743
55
182
436
472
138
199
147
564
441
241
308
194
974
173
786
628
682
575
987
934
933
870
774
649
949
534
380
779
418
772
804
509
522
461
98
185
712
100
82
405
134
462
966
744
148
619
480
848
345
307
473
758
366
474
431
647
378
362
629
367
728
531
212
572
677
274
575
517
853
931
365
221
293
116
688
639
547
656
34
703
369
437
111
843
665
251
445
941
794
9
376
758
25
749
698
384
291
151
735
423
918
314
399
150
792
305
229
618
55
10
308
621
455
146
554
993
450
829
300
918
529
791
176
586
937
932
698
116
209
81
14
421
304
221
532
180
187
511
666
469
628
781
323
413
606
910
909
396
516
541
712
959
122
26
819
257
884
127
336
709
138
492
16
67
421
423
521
148
171
875
491
412
798
532
490
172
19
917
310
752
181
534
894
931
298
965
987
437
206
895
73
319
203
211
264
235
978
84
585
786
579
313
779
43
289
283
822
845
977
314
655
578
8
180
265
872
996
844
629
380
131
642
648
637
176
156
467
914
964
729
48
962
608
54
568
127
681
791
489
285
468
915
613
876
97
940
310
23
581
666
797
113
647
500
641
316
284
458
581
445
229
225
811
23
174
964
132
354
2
899
9
680
698
619
91
708
532
690
583
639
920
692
878
512
454
535
569
615
995
984
33
511
723
385
700
406
704
759
52
306
496
195
593
289
77
181
135
757
93
632
218
26
826
959
894
725
580
306
707
340
562
228
509
228
136
228
529
34
498
597
716
82
191
76
606
85
409
927
883
867
944
141
522
765
958
205
15
293
77
430
283
868
357
880
779
800
34
622
806
705
522
137
903
78
531
242
355
880
907
395
548
394
769
178
372
763
961
835
670
507
270
217
621
422
967
313
152
567
451
124
853
316
393
214
866
138
105
599
876
117
990
174
326
526
181
189
867
778
598
989
462
634
953
15
726
548
621
323
320
102
681
305
52
202
125
354
490
90
547
122
701
505
31
372
805
604
798
89
907
347
122
831
621
216
923
851
41
475
834
794
654
623
527
225
430
893
874
759
352
419
838
476
435
792
826
89
548
38
673
315
144
213
993
821
373
224
624
505
946
575
387
850
944
296
688
41
560
338
195
147
355
23
718
891
497
309
954
601
217
898
202
806
559
610
534
739
851
463
365
221
854
579
411
335
184
844
26
165
677
444
797
0
358
356
144
330
27
549
331
64
230
555
381
383
298
807
293
748
403
663
300
501
784
372
215
741
923
863
840
152
401
240
259
907
788
645
678
902
773
44
594
634
967
165
143
425
904
463
523
158
8
933
859
586
852
477
274
912
884
637
790
198
512
658
842
136
450
550
518
578
212
205
211
938
978
933
90
408
682
415
124
868
992
438
188
218
758
883
145
563
809
707
592
955
846
173
318
347
707
908
986
795
523
541
945
318
665
725
315
801
990
155
171
329
725
893
548
952
835
394
7
988
500
475
369
68
248
479
297
616
221
849
832
532
206
0
400
992
985
419
967
295
847
326
389
434
556
294
336
577
278
725
777
685
866
259
119
917
473
953
306
115
410
419
994
697
162
41
638
13
270
242
376
919
105
918
205
803
857
645
866
152
515
649
443
660
743
334
13
489
262
634
275
103
655
804
710
455
506
965
500
314
764
901
627
724
417
708
568
872
999
679
848
553
942
490
375
459
246
184
759
756
122
516
488
578
688
474
198
153
34
544
257
889
230
250
757
410
641
935
529
918
507
390
797
473
92
708
516
767
445
565
321
530
705
707
22
822
777
576
928
252
254
797
894
615
386
957
632
62
760
97
701
174
730
640
604
92
928
962
476
148
838
305
823
824
175
621
505
969
989
891
926
443
699
665
786
720
938
840
506
44
575
222
775
767
149
975
995
852
279
968
980
398
694
976
869
634
296
956
260
813
898
805
910
178
228
47
654
16
746
273
965
782
276
556
156
212
347
689
541
40
227
948
407
881
80
135
567
987
161
836
235
695
418
323
107
334
725
812
913
659
576
354
151
826
618
69
175
673
118
578
45
89
106
936
785
936
866
417
985
711
565
331
612
931
146
210
305
874
435
284
245
444
222
633
3
492
245
861
549
369
484
636
657
829
95
672
479
217
526
330
183
467
745
715
320
901
717
925
891
227
41
811
430
209
162
361
196
319
761
738
882
274
559
516
700
863
423
482
677
447
993
790
734
738
167
584
173
745
424
176
63
788
331
644
489
892
462
54
576
935
643
22
169
142
611
215
66
532
469
784
630
165
831
633
944
960
445
360
551
67
744
375
192
786
957
956
826
819
270
421
514
561
310
437
366
762
38
520
846
367
173
246
287
80
156
56
386
738
247
525
825
655
583
414
786
87
836
870
156
640
920
0
413
440
223
988
534
778
114
746
118
477
995
274
83
925
955
973
368
307
271
723
864
632
33
530
833
258
291
223
211
384
142
525
719
152
304
199
157
618
724
419
797
961
828
430
663
398
785
422
823
88
931
831
512
556
788
246
625
260
430
747
748
688
773
343
379
446
335
58
350
758
920
703
687
423
515
550
575
784
458
470
433
428
502
997
259
125
634
517
262
467
970
982
275
962
993
802
685
61
615
320
821
850
530
832
264
812
324
200
837
895
234
577
123
788
572
841
136
249
224
381
804
499
993
555
619
802
278
402
329
778
597
702
71
666
341
428
116
299
267
942
784
335
284
707
378
819
554
86
969
962
962
265
879
831
217
487
145
94
831
371
203
288
604
360
880
666
351
325
823
489
781
828
474
500
846
944
552
181
659
593
962
165
292
566
755
531
22
381
232
833
561
433
990
52
648
793
443
85
642
177
381
665
309
943
735
545
290
565
386
959
883
526
552
102
105
422
516
412
42
122
517
111
408
873
800
385
741
222
853
241
442
683
826
127
23
867
372
980
349
204
917
404
343
32
391
9
774
351
702
365
699
106
99
523
808
86
884
67
768
962
1
704
349
479
754
160
784
844
757
447
90
427
403
688
25
780
426
618
855
3
645
58
357
256
695
571
508
611
694
295
684
866
460
400
189
249
930
383
955
757
533
560
159
613
786
336
359
933
181
957
568
208
677
112
938
537
924
1
170
822
379
688
629
2
970
275
239
534
196
793
868
795
352
385
470
78
565
144
29
280
653
877
428
897
34
747
768
121
783
34
316
91
429
458
127
862
789
374
191
961
181
241
607
882
484
95
300
754
263
114
845
633
350
768
433
370
633
501
218
107
955
827
479
852
841
522
439
697
588
5
529
453
897
731
217
317
986
935
405
30
670
901
909
900
243
344
729
280
132
133
636
436
605
982
934
447
299
124
56
88
617
604
376
512
133
84
453
945
872
683
772
980
140
18
432
20
273
923
81
877
928
820
915
352
65
544
335
670
463
810
350
750
944
991
738
597
443
247
87
897
482
568
646
410
495
383
371
222
59
179
652
999
489
720
98
466
186
221
932
103
225
867
14
352
806
322
801
273
344
977
572
906
379
545
648
339
738
104
777
197
758
93
104
241
916
12
853
727
868
664
346
221
237
40
243
90
423
728
410
822
233
333
902
560
632
748
811
355
145
295
734
486
293
213
7
111
27
293
536
171
28
871
333
972
888
487
585
216
398
175
232
625
672
264
436
887
317
468
670
246
935
211
590
301
269
511
702
317
604
686
808
449
982
989
984
560
12
660
309
621
711
73
984
991
410
284
607
346
476
124
604
17
74
93
13
685
257
375
401
439
689
612
80
326
365
893
633
750
238
705
841
485
943
284
239
707
652
24
605
925
476
674
880
126
541
531
640
579
822
321
619
89
528
850
53
654
21
765
650
488
939
813
547
758
370
874
455
217
168
733
353
758
623
448
23
595
84
297
194
923
624
897
97
344
363
260
305
668
836
655
728
180
701
473
647
274
363
800
188
869
908
145
983
599
905
564
925
667
443
385
664
793
794
715
808
71
72
335
458
709
219
888
814
797
2
283
991
950
367
514
820
732
850
56
27
365
759
0
709
114
110
786
781
800
800
914
561
642
529
518
203
77
449
989
994
879
860
959
929
909
345
380
513
592
712
957
394
123
469
473
917
340
505
909
77
116
935
164
835
965
220
950
385
439
119
776
150
726
993
352
320
388
878
370
400
655
81
932
471
718
910
867
383
165
688
584
780
299
291
387
897
364
3
90
414
840
620
822
39
775
243
922
104
519
601
920
237
531
920
770
958
34
614
346
328
370
191
767
526
311
655
324
670
187
460
246
848
315
906
907
793
276
864
561
502
57
591
418
580
394
43
226
772
538
306
602
603
29
330
685
192
532
191
931
623
799
354
151
371
182
885
762
71
403
426
875
229
119
628
852
8
200
5
449
492
467
54
263
150
780
341
662
21
560
856
149
968
3
953
89
993
914
922
409
463
951
527
457
345
917
922
625
590
183
26
426
66
401
469
436
795
594
52
654
818
509
134
620
124
610
116
902
240
534
948
667
67
876
641
337
7
966
24
759
858
132
165
721
467
71
596
231
431
651
915
763
953
55
804
316
385
626
17
836
675
876
584
427
88
838
86
470
962
831
664
736
728
116
340
291
953
450
662
594
830
427
982
342
920
812
551
283
713
279
147
31
710
537
570
934
906
353
113
173
950
284
302
145
116
857
890
459
178
998
112
243
668
823
946
501
515
661
434
468
985
131
662
906
814
536
965
937
804
474
406
537
87
168
615
374
17
697
283
877
418
910
205
796
468
393
65
899
804
729
202
435
252
227
958
201
758
359
901
254
531
780
488
966
266
624
623
227
524
71
779
686
179
399
194
2
643
439
160
173
433
786
634
107
24
372
711
16
858
415
991
586
459
266
165
105
778
959
353
468
897
760
174
954
179
565
530
41
229
548
140
718
709
165
855
98
991
441
189
341
847
295
327
777
448
586
648
830
307
531
314
173
387
950
448
683
325
595
834
341
758
828
351
803
972
406
789
418
590
126
451
929
496
617
96
39
30
15
421
279
553
677
445
770
64
591
957
144
86
262
189
234
953
115
766
574
859
648
935
312
9
823
528
546
225
26
495
392
760
310
608
714
465
724
6
71
922
741
769
946
385
746
72
476
452
757
230
622
437
168
585
288
212
136
533
923
406
901
887
880
652
865
613
3
510
514
635
807
278
918
600
983
882
106
87
902
385
23
241
444
534
305
896
974
634
933
655
953
652
447
277
666
899
302
208
285
501
180
109
48
816
141
542
987
909
731
93
654
892
252
973
463
347
889
679
950
320
723
898
247
798
852
788
892
916
703
357
972
456
686
643
228
435
566
631
832
830
433
142
535
779
351
892
120
294
754
884
572
306
877
930
466
224
231
513
296
434
282
192
165
21
955
526
9
757
877
23
821
666
463
695
532
633
318
492
765
877
888
680
180
980
415
395
180
630
829
71
844
376
994
445
107
383
184
469
281
904
967
306
51
12
642
516
530
849
988
159
497
820
952
225
666
225
157
921
100
221
58
667
226
563
635
664
523
875
624
714
281
873
910
12
424
633
237
624
294
768
646
563
681
693
606
691
113
879
675
0
716
920
257
24
423
959
242
885
824
484
960
17
629
660
640
970
88
772
181
392
66
897
902
530
776
422
862
785
575
688
149
565
536
52
183
227
975
216
265
456
902
806
396
407
529
380
728
910
158
657
462
103
611
122
98
274
371
26
707
8
622
937
304
786
980
307
456
864
14
57
998
245
794
149
504
279
953
150
882
509
238
76
316
730
517
941
380
38
165
302
177
819
91
149
22
812
341
331
551
946
824
15
180
296
983
726
967
910
577
550
130
684
453
329
946
748
884
287
530
218
578
981
630
951
899
122
453
432
95
15
753
373
401
358
559
166
634
755
789
728
404
664
13
373
798
605
637
818
387
668
775
369
959
531
756
799
752
906
440
80
348
708
890
822
77
498
875
1
182
899
456
408
792
536
701
285
597
307
744
983
968
168
576
873
639
380
520
736
119
826
795
18
938
948
733
641
15
167
796
414
487
599
442
731
863
313
592
961
407
880
488
552
430
438
807
245
71
540
229
557
964
222
307
256
941
653
239
649
365
960
687
282
642
925
496
316
31
104
713
907
7
878
921
256
352
308
282
921
106
656
248
667
739
857
66
247
960
939
692
467
225
706
974
447
706
96
157
711
386
873
604
817
674
467
527
868
636
604
947
353
228
283
309
877
511
129
294
380
423
576
687
634
385
441
647
2
900
212
990
418
661
48
477
629
539
699
629
152
4
611
312
449
466
818
463
648
38
400
649
882
527
906
189
794
703
913
53
768
387
190
983
150
876
352
736
493
935
752
559
439
421
852
844
789
791
840
819
408
803
787
113
828
427
676
258
713
784
157
772
107
219
728
27
154
923
335
722
628
472
128
987
725
779
28
59
848
536
513
845
144
297
421
57
376
320
283
145
424
536
26
144
73
985
489
975
159
654
247
334
917
165
150
819
39
18
648
473
928
312
697
528
188
789
460
109
168
993
586
527
758
315
604
686
164
264
650
703
820
17
453
767
814
815
606
692
33
278
273
835
33
115
468
977
218
404
866
986
546
42
645
159
325
69
687
880
490
29
441
654
658
120
932
371
377
213
109
201
310
315
286
148
397
582
351
356
387
560
700
522
817
320
808
95
9
250
519
380
709
611
641
25
88
510
682
429
868
0
350
719
402
893
626
399
321
261
845
428
613
318
830
619
328
399
423
785
927
246
815
637
83
558
646
76
240
681
561
418
474
182
557
546
651
71
272
490
353
18
595
382
300
378
443
144
661
561
719
209
346
60
748
423
23
59
620
562
326
787
854
20
647
362
662
701
730
839
709
920
425
947
331
150
27
744
929
157
563
572
899
372
855
922
938
894
732
661
208
168
647
594
109
433
223
785
966
349
918
47
605
566
637
588
347
175
855
636
722
110
358
452
296
526
66
954
93
838
240
153
629
2
943
928
561
723
445
126
104
918
280
565
291
734
105
928
727
974
11
121
707
647
394
140
144
467
102
89
432
524
110
90
224
683
281
122
207
72
127
14
329
387
327
691
517
30
938
315
177
31
900
885
640
381
75
280
881
558
567
732
409
82
954
77
955
496
993
148
740
827
824
892
275
441
452
774
829
128
442
626
327
245
661
179
420
394
116
316
895
531
170
549
378
326
623
917
252
597
500
850
369
793
572
908
452
732
734
978
640
490
758
624
436
421
827
910
852
300
203
934
92
552
603
553
808
211
555
646
638
285
534
984
53
868
807
851
511
599
167
251
330
335
963
705
812
195
753
395
380
854
51
343
502
463
189
772
382
197
681
733
982
349
546
18
531
33
605
52
1
959
715
37
622
723
59
538
180
410
980
175
424
420
336
861
464
765
493
210
698
328
309
677
719
216
461
20
894
685
178
804
140
999
695
708
945
27
331
551
271
639
312
28
100
275
974
259
502
549
878
398
206
729
459
426
989
660
426
953
619
259
562
574
374
397
318
868
768
265
48
738
17
981
160
239
427
421
858
478
717
220
901
774
455
466
223
265
508
602
742
247
646
855
801
198
707
171
573
840
140
187
708
601
207
234
864
396
570
416
110
169
280
46
429
813
761
721
581
501
705
593
956
584
810
205
27
761
869
693
320
678
828
508
701
880
147
871
853
863
973
758
983
361
451
862
819
638
287
377
185
515
775
507
673
210
916
753
741
266
402
56
314
944
162
192
261
418
387
699
427
491
232
69
737
840
163
425
650
278
910
86
63
142
114
605
176
807
273
448
873
534
381
0
800
836
708
651
26
587
851
776
269
6
47
464
288
421
770
323
575
450
83
476
123
347
430
779
638
948
219
868
460
592
411
425
733
852
204
689
351
784
29
195
400
35
725
843
360
978
614
720
77
988
591
295
633
597
304
24
918
709
6
123
154
644
150
718
573
381
598
86
759
892
887
7
687
461
303
675
166
35
99
363
641
217
449
460
613
456
947
808
949
910
376
504
175
127
220
652
950
667
120
615
272
948
468
721
319
258
33
562
844
868
395
888
239
909
547
166
35
417
467
89
935
819
947
727
272
564
529
742
297
98
452
175
805
51
921
525
19
916
726
494
175
338
148
165
114
420
387
128
104
243
517
149
319
128
436
692
415
528
791
305
429
878
879
954
505
605
225
23
576
136
412
578
292
777
97
100
942
178
515
664
174
371
444
33
105
152
447
308
393
566
604
145
667
259
829
340
50
863
40
530
929
874
309
754
141
771
687
489
992
699
95
122
162
948
940
40
522
545
143
889
251
347
635
938
210
972
866
817
987
204
442
459
699
294
358
698
823
303
313
866
660
658
837
984
352
858
842
815
982
285
794
737
679
489
792
543
403
167
9
837
688
257
651
501
33
784
827
54
215
366
203
552
893
677
991
327
173
754
664
906
568
426
434
63
91
191
272
957
421
726
40
381
236
865
832
437
896
820
7
210
575
710
401
202
400
862
826
468
187
295
348
620
877
930
516
727
345
478
638
599
626
671
17
323
501
840
236
319
731
542
400
939
93
2
736
706
152
234
466
386
648
46
146
947
608
858
380
749
679
149
726
594
390
884
64
197
806
859
236
758
807
289
688
44
243
111
834
181
914
390
499
509
670
58
844
64
230
534
837
333
7
797
581
978
310
994
147
982
715
901
67
591
936
91
796
225
15
576
366
383
361
804
897
865
858
39
64
274
98
930
508
780
359
420
158
898
926
973
756
954
120
891
445
518
577
406
735
78
724
970
85
675
986
617
167
650
961
338
721
979
465
274
45
797
514
629
581
503
137
665
816
86
809
896
726
838
78
992
999
239
157
80
573
6
240
817
818
756
973
270
211
271
830
466
924
459
363
213
886
173
603
626
275
204
210
216
938
684
132
203
574
904
16
407
201
28
168
664
942
716
924
264
875
276
942
830
773
460
168
367
654
160
825
820
673
890
79
568
710
996
367
716
857
30
752
241
549
112
109
530
462
717
809
643
124
148
916
321
803
763
140
144
144
203
335
403
750
3
732
747
477
881
26
855
356
780
744
173
814
975
4
906
560
274
743
932
554
75
285
313
300
197
90
643
784
610
568
418
917
370
38
854
476
480
914
576
771
485
950
540
142
788
880
534
814
33
492
445
554
991
53
648
689
748
816
476
274
571
961
639
643
574
63
236
365
269
890
707
569
911
941
244
540
900
478
824
5
54
987
349
175
282
214
460
249
798
969
736
227
24
317
613
532
296
908
346
454
107
167
196
403
902
473
209
825
155
2
518
504
803
39
517
277
624
511
367
759
165
705
234
70
245
753
151
611
309
9
314
275
671
212
263
853
532
686
918
515
61
767
282
157
525
990
643
344
591
234
382
718
575
132
134
247
232
856
138
838
730
978
203
686
741
918
671
363
390
0
479
277
445
681
601
862
313
195
851
277
600
100
197
347
751
294
265
739
75
535
258
639
257
212
798
925
928
152
386
24
305
66
817
675
184
917
551
944
146
210
128
447
242
752
936
554
226
827
767
301
210
969
915
139
40
33
202
363
37
447
458
329
624
290
167
473
305
303
513
871
748
886
582
842
231
866
67
39
370
575
235
305
714
11
609
662
762
494
904
84
88
902
413
826
927
995
221
4
813
18
472
167
819
965
738
602
796
943
354
901
604
582
737
835
879
577
856
211
172
936
118
469
860
226
821
503
10
105
224
799
944
771
563
803
99
482
7
220
645
939
561
665
421
156
861
272
485
301
324
695
368
89
79
129
398
623
527
724
117
288
603
399
381
405
301
120
200
729
978
371
469
641
83
711
824
253
324
59
647
430
345
70
531
831
952
612
905
424
79
372
908
445
667
958
721
101
538
946
639
366
805
244
161
350
502
571
809
525
386
440
66
854
458
172
578
348
284
163
266
329
457
828
636
66
427
90
80
6
285
949
803
45
15
481
84
373
244
57
444
800
10
972
442
722
221
229
32
198
488
192
293
375
937
280
392
996
248
502
710
405
196
709
64
242
234
48
356
403
634
196
581
170
224
986
698
157
212
300
289
663
463
457
78
62
971
572
452
599
157
279
54
77
153
93
714
825
914
116
122
131
645
169
393
567
240
846
79
67
85
455
153
229
933
650
368
433
315
908
988
495
798
736
164
435
689
578
733
14
819
578
261
378
975
348
18
835
479
916
940
65
922
519
188
890
295
45
624
76
284
755
580
888
584
789
502
962
401
408
229
317
258
821
959
236
5
929
742
291
225
81
767
475
400
331
567
820
472
160
409
853
388
830
96
463
190
602
206
911
539
402
695
970
731
889
773
668
315
371
40
57
257
216
345
748
443
38
788
94
325
926
800
61
549
41
429
390
12
524
344
118
308
254
989
762
504
906
34
814
965
432
396
146
635
269
353
561
31
307
969
307
969
60
609
819
4
176
77
978
799
470
522
778
928
470
157
543
944
69
507
7
806
650
638
243
348
181
801
837
912
463
465
201
816
653
920
744
438
182
166
656
411
244
446
231
810
975
898
534
428
828
212
11
316
893
747
526
871
227
950
693
818
134
824
339
639
717
960
451
197
840
139
834
586
250
520
58
800
317
520
611
138
718
441
381
586
487
941
440
832
91
323
548
416
516
18
924
889
896
469
877
990
746
240
701
715
549
214
535
229
219
732
91
597
828
589
585
243
802
130
22
588
473
6
623
584
628
483
194
690
778
109
5
717
432
489
654
439
896
802
401
980
279
80
496
98
340
940
244
885
196
229
890
774
610
872
953
468
187
72
184
847
264
658
485
781
110
867
711
916
183
888
693
371
947
826
767
461
481
860
186
434
646
714
378
787
793
808
623
650
285
996
18
468
165
369
817
836
367
161
110
78
807
245
886
148
124
348
269
968
407
231
86
423
95
877
912
406
746
24
333
260
518
274
500
604
990
997
206
653
952
22
229
783
491
725
937
788
869
564
12
881
107
714
589
32
130
426
538
812
946
437
126
551
978
48
426
211
902
43
920
595
581
632
514
926
39
956
209
432
188
61
442
884
871
600
234
753
778
382
282
408
963
962
214
959
44
170
352
422
625
967
426
292
242
866
152
124
191
53
187
650
283
892
953
51
498
374
330
686
540
964
478
22
291
924
442
81
689
770
506
432
931
964
456
778
746
128
618
135
648
765
370
207
423
787
695
813
701
984
648
531
636
943
465
99
782
271
606
734
989
813
748
517
256
479
199
787
146
151
926
387
717
928
307
466
36
32
862
611
558
761
233
972
734
357
542
914
734
198
877
237
980
624
898
794
661
700
827
745
214
473
327
634
18
113
217
217
62
109
36
195
272
406
736
516
597
961
235
599
953
102
212
577
889
230
944
626
565
718
95
441
138
820
128
691
812
533
49
607
536
360
547
977
151
915
162
265
326
992
227
615
874
419
270
334
306
499
378
314
773
210
336
879
114
451
319
679
382
79
366
552
487
300
705
72
23
331
435
541
533
148
906
901
238
848
79
207
17
499
948
485
31
780
705
207
137
650
543
660
44
788
133
791
191
709
529
284
861
683
670
694
854
403
803
478
368
930
45
234
251
778
707
471
177
527
398
541
356
245
292
726
322
272
274
177
724
440
510
194
732
39
143
222
764
735
124
205
460
429
105
73
771
684
65
221
759
928
605
508
439
912
154
576
877
335
776
963
945
471
126
301
425
914
35
778
141
822
632
807
958
588
58
225
431
198
91
827
651
643
424
338
262
624
756
806
416
148
275
503
540
208
316
273
342
689
334
510
939
819
811
759
699
140
97
318
281
859
573
955
507
819
339
257
388
303
696
381
655
20
832
482
839
613
644
195
665
671
275
262
635
99
849
625
310
833
637
381
142
503
212
715
378
605
843
311
95
851
345
520
615
74
187
440
350
884
738
326
654
930
663
470
472
208
542
370
339
414
456
720
321
94
394
719
340
580
315
262
721
319
939
11
906
3
559
469
775
17
337
511
343
308
413
986
248
119
614
117
918
136
606
659
792
364
44
634
942
694
112
379
862
47
602
995
711
715
521
29
556
558
863
41
738
785
345
61
253
717
13
479
564
955
412
68
37
957
295
880
891
452
205
603
764
64
354
579
503
421
876
60
851
608
183
873
914
742
665
373
868
149
271
387
824
658
982
94
429
622
581
110
511
933
679
592
973
628
703
56
600
735
205
29
214
652
773
650
99
735
446
797
849
603
896
789
342
154
591
693
740
145
732
239
71
155
722
567
663
856
814
173
380
962
359
926
1
932
205
80
666
120
239
352
375
539
364
610
827
462
43
420
590
972
718
968
949
387
697
507
916
785
369
895
810
245
31
777
250
718
787
768
562
188
189
883
388
33
367
813
154
516
663
961
806
338
233
683
271
1
137
962
456
106
901
217
283
706
272
820
507
757
827
341
895
912
935
499
978
834
382
27
543
293
95
974
353
87
799
319
713
312
869
567
33
103
870
175
293
685
791
897
961
678
809
796
661
975
311
874
590
48
659
735
982
544
790
272
891
415
358
646
197
325
881
470
313
148
616
150
603
636
736
509
56
467
377
487
217
694
473
189
755
249
891
917
148
431
9
667
72
535
33
4
713
811
746
298
85
566
304
529
537
505
957
332
52
545
696
229
302
1
898
872
583
152
594
370
332
287
451
499
764
137
259
989
536
535
4
720
193
239
328
556
948
136
285
146
184
141
208
440
568
132
677
327
412
65
109
362
386
236
512
244
602
907
858
758
167
925
290
917
849
645
533
132
127
103
698
531
361
90
478
644
380
266
567
709
999
800
374
319
691
865
358
338
287
128
225
51
673
72
481
995
256
627
596
317
862
792
216
379
811
532
78
541
693
576
516
152
108
874
618
855
9
771
966
785
95
620
595
830
338
406
988
895
443
541
639
377
325
95
212
358
266
439
557
16
855
985
831
979
263
465
934
638
667
965
815
37
782
843
598
238
478
168
904
13
54
311
243
727
513
706
266
247
450
559
805
849
671
874
165
313
331
147
4
431
258
284
67
897
111
682
821
268
969
925
409
257
517
981
277
272
869
435
93
44
342
913
451
643
903
495
449
735
325
595
906
222
36
716
750
163
479
915
964
950
312
687
321
751
60
291
767
954
646
718
130
767
619
463
764
698
525
795
575
34
793
309
746
800
420
896
445
525
642
500
359
416
742
491
327
155
398
398
303
641
670
441
780
686
293
751
762
690
573
195
565
4
315
965
450
304
646
301
307
212
412
352
778
357
120
820
637
872
680
265
119
447
331
69
376
3
288
236
658
56
985
715
716
122
294
831
84
410
782
15
309
189
993
827
17
377
993
15
511
692
398
200
69
643
784
745
393
667
31
826
745
128
351
518
587
304
504
704
38
307
937
602
703
906
44
761
488
784
365
288
90
961
316
175
460
214
858
215
732
178
704
133
313
381
802
105
907
962
35
779
90
654
74
145
756
504
978
206
163
279
232
258
378
789
845
418
759
558
995
260
12
572
429
138
912
915
294
512
851
740
484
819
574
576
781
40
880
507
279
23
934
378
62
914
426
778
198
901
948
999
601
132
470
813
306
987
208
679
800
510
236
882
654
726
245
396
647
421
345
190
279
926
341
676
452
980
135
957
155
509
622
723
552
186
333
249
37
518
319
348
179
928
29
239
551
399
835
295
475
106
304
463
325
929
940
961
725
707
492
370
328
637
672
497
682
363
278
828
496
598
744
950
19
506
832
489
721
539
795
116
277
355
475
289
575
347
799
518
62
596
133
861
449
176
368
490
925
210
532
785
201
79
286
74
101
927
561
874
409
316
819
151
994
558
494
383
823
792
354
166
569
907
696
98
673
636
433
244
828
629
764
38
961
517
655
779
532
92
637
160
243
56
806
261
284
789
196
175
961
436
857
789
420
267
430
213
741
645
991
691
427
637
394
749
599
852
326
22
100
397
536
925
138
601
424
729
514
181
178
259
827
908
648
824
395
833
670
682
97
533
974
66
743
865
505
491
678
913
454
134
409
533
565
494
387
45
581
455
101
809
811
656
911
810
500
714
248
24
905
692
33
9
633
773
739
763
237
749
1
822
277
888
232
777
352
727
962
327
264
940
602
278
412
27
227
580
839
976
913
518
254
937
32
206
702
841
795
304
372
845
5
233
910
542
476
333
206
332
59
716
407
436
622
935
48
870
977
149
806
397
985
277
55
539
436
279
176
89
756
587
983
736
870
221
765
127
481
852
835
505
746
398
469
650
156
82
204
446
493
817
22
678
748
377
688
408
119
920
99
721
321
281
52
58
863
190
126
828
44
139
994
330
554
898
342
730
601
457
844
735
461
468
593
318
431
927
286
538
974
661
451
798
238
494
903
95
942
848
805
84
247
565
200
746
289
13
678
632
360
776
515
948
867
938
301
889
997
667
364
278
164
722
556
723
375
550
667
58
765
952
493
592
784
544
496
207
961
330
777
121
61
788
853
195
652
248
852
148
170
889
535
784
591
427
130
797
537
660
805
825
657
248
436
454
379
766
511
972
294
341
12
265
612
489
647
991
452
576
907
106
699
924
251
364
961
109
962
471
919
556
296
559
350
302
781
585
50
275
104
204
526
10
105
155
978
99
893
739
23
640
863
663
794
785
683
198
831
507
822
686
13
204
369
103
23
685
860
126
595
660
416
764
195
989
597
419
201
845
482
429
352
923
10
368
221
651
819
426
308
489
715
965
391
934
827
246
298
657
133
312
569
653
746
689
50
11
164
365
872
324
274
815
636
717
626
89
448
696
752
707
614
803
245
112
938
311
395
937
761
254
541
636
585
34
427
773
239
262
66
567
760
260
986
934
55
555
194
884
557
345
238
815
711
429
840
148
73
954
365
74
745
697
574
877
886
774
454
493
318
660
972
722
199
376
590
878
469
151
37
536
226
165
96
400
444
147
41
140
201
964
19
902
341
796
517
423
420
118
184
677
843
216
796
260
168
837
569
307
450
743
553
342
290
838
827
964
337
650
474
148
484
489
196
273
315
909
478
815
527
85
253
456
369
470
399
328
527
390
56
281
993
693
793
524
250
937
66
125
362
684
768
953
216
596
138
679
13
663
629
816
956
504
208
196
853
978
633
707
368
136
582
420
919
975
0
765
605
201
74
616
370
983
447
431
568
642
25
876
712
398
902
63
733
987
253
476
403
201
431
280
104
647
472
496
80
680
148
246
183
787
838
113
623
870
652
640
161
591
151
556
960
214
414
407
833
969
985
348
726
629
75
315
914
191
33
889
240
221
128
762
484
731
323
437
202
653
305
395
325
886
469
794
576
547
287
964
41
47
608
575
580
668
851
601
803
699
150
826
946
984
592
150
832
381
740
109
826
864
996
889
466
164
801
548
614
706
502
915
811
673
605
570
967
401
649
909
549
152
267
953
555
734
744
389
248
212
558
64
722
356
415
816
356
220
759
924
956
61
256
415
482
963
541
482
396
168
899
36
270
169
290
512
935
284
483
547
551
628
717
169
773
59
808
244
173
284
154
967
119
722
879
797
426
104
667
105
774
381
675
745
578
75
258
324
746
149
855
333
818
371
212
900
568
659
809
271
131
78
415
698
282
452
89
696
104
60
716
524
659
276
319
289
347
354
789
562
752
13
495
615
548
963
423
372
471
407
632
512
249
134
609
423
579
831
920
60
910
453
683
407
13
538
177
199
679
449
711
836
172
48
31
251
889
489
939
687
246
667
711
640
660
361
477
11
316
847
162
86
883
29
205
734
97
338
783
399
985
789
493
679
603
338
483
63
221
984
460
279
704
955
108
13
767
507
942
618
754
784
769
273
728
792
277
885
331
951
468
606
693
154
531
519
977
696
967
127
556
509
85
417
907
244
314
171
878
824
353
952
57
7
779
282
827
892
624
807
343
439
283
863
544
83
724
272
258
988
103
485
595
908
162
226
329
112
276
52
749
683
665
417
372
463
498
796
263
515
593
250
360
957
826
70
613
517
501
21
953
268
615
432
781
528
393
796
990
741
128
695
896
633
115
904
105
660
844
779
64
25
517
849
179
134
972
128
296
716
409
612
123
707
748
793
535
870
491
364
256
358
961
989
172
165
75
819
650
842
419
204
530
36
487
23
252
260
613
945
597
987
173
920
317
869
872
606
779
137
998
558
129
159
179
276
164
925
283
748
396
693
573
763
362
494
244
745
999
477
672
243
729
879
836
908
776
606
448
331
295
71
702
669
630
924
546
0
989
922
786
609
891
409
309
458
339
115
0
116
56
195
531
700
791
476
371
605
451
587
640
507
959
682
502
871
315
697
641
900
889
491
594
844
794
315
527
719
98
945
910
682
874
332
897
472
988
213
909
696
808
446
580
250
565
142
59
159
988
387
182
508
598
298
128
450
422
717
950
502
937
385
723
456
482
723
806
938
106
151
959
15
156
573
993
597
895
481
952
128
333
740
748
237
376
860
959
703
595
13
608
506
302
826
890
210
484
589
942
118
999
470
724
87
883
459
297
687
600
116
386
832
201
226
855
178
697
836
627
656
965
918
184
847
589
438
855
44
108
812
325
81
918
957
521
564
273
92
649
276
36
502
629
817
989
528
659
623
975
103
705
742
352
948
922
26
808
754
343
418
717
229
375
22
388
73
649
578
818
860
702
17
624
81
308
304
925
186
596
169
333
257
285
160
559
435
218
702
693
882
934
159
908
957
288
506
971
878
601
829
697
960
778
602
503
170
611
489
132
316
894
835
247
910
362
945
847
88
244
879
711
497
695
233
773
375
196
208
481
311
429
232
403
442
107
617
605
157
807
576
552
363
133
306
818
161
701
821
940
85
964
138
650
12
527
186
636
95
527
524
306
337
856
65
180
176
539
733
375
213
740
753
411
337
325
1
681
694
833
623
690
720
350
275
43
982
489
768
533
289
613
147
288
960
86
962
960
612
88
127
423
383
109
544
890
388
635
509
664
883
3
509
109
868
766
284
341
285
378
701
939
889
386
280
41
287
820
65
226
540
4
477
611
534
190
881
57
615
81
905
84
202
190
961
224
117
16
980
172
994
989
94
595
132
26
640
792
115
206
776
95
812
565
498
471
575
412
888
403
694
772
433
375
320
911
584
768
615
208
20
572
460
279
712
801
228
754
150
610
671
295
148
659
350
397
971
757
998
483
160
821
861
768
314
479
960
434
415
945
222
874
578
834
5
156
117
121
551
868
902
49
880
660
50
674
431
330
379
995
983
838
815
899
169
993
23
448
551
490
464
719
551
74
993
33
658
391
682
894
872
525
277
883
210
528
252
807
948
671
47
148
773
122
383
233
468
204
108
916
185
163
504
477
141
884
190
413
510
828
170
285
963
170
271
956
81
8
895
752
648
951
930
877
669
394
70
947
596
819
790
41
953
330
675
288
523
332
844
267
622
640
891
842
236
461
742
526
576
719
982
79
894
920
328
737
938
723
374
820
172
755
841
651
468
459
204
220
591
15
200
910
926
119
368
353
800
931
760
223
124
162
495
721
869
533
902
500
993
800
500
146
248
881
431
860
294
185
897
29
36
863
749
450
602
516
580
750
273
769
569
594
592
844
589
729
638
602
183
474
950
590
948
79
276
951
95
370
562
672
269
911
39
889
911
172
693
123
725
12
189
457
652
267
833
554
411
125
150
386
112
944
172
464
242
663
980
691
930
296
909
269
379
733
602
322
411
486
140
937
245
880
207
897
125
415
107
927
247
319
266
955
588
608
480
259
378
872
436
295
702
202
834
540
329
628
211
292
580
910
458
490
386
158
211
899
873
713
546
272
91
572
708
320
991
793
934
3
167
388
761
617
703
725
439
480
673
656
653
396
431
16
132
633
902
770
53
533
251
309
905
984
445
488
298
453
662
300
114
250
7
632
62
51
687
524
230
742
504
237
52
47
471
998
358
307
814
168
753
417
703
104
356
460
591
726
511
134
404
95
551
927
485
528
591
419
229
291
715
113
523
654
68
31
232
278
91
371
150
787
884
517
834
109
753
176
94
460
911
455
654
981
841
548
356
584
272
883
362
382
252
302
220
272
121
586
247
603
208
846
546
856
409
307
391
288
746
279
670
100
23
732
263
994
318
638
769
995
205
345
372
618
434
904
960
583
911
26
792
1
321
327
22
603
763
425
763
829
492
926
147
475
961
665
299
850
344
64
209
359
474
520
687
834
100
860
394
503
723
357
205
477
481
571
965
463
632
578
329
193
114
424
985
813
563
146
463
218
819
102
334
238
820
251
22
418
516
685
128
612
79
29
500
498
469
437
517
690
187
713
382
183
905
601
180
525
623
427
279
821
69
293
485
452
501
160
653
543
127
600
141
641
777
976
545
748
561
410
825
254
633
196
845
147
61
910
599
264
579
824
733
240
880
857
786
983
603
170
160
435
545
841
205
147
916
553
423
208
472
478
276
264
900
310
914
369
41
995
832
18
354
653
807
77
224
13
265
721
657
669
4
941
445
107
19
486
68
699
74
793
839
588
491
916
594
11
498
774
450
531
169
71
537
127
97
882
243
214
574
8
59
253
165
470
360
138
748
622
38
956
519
731
874
760
995
605
861
639
336
413
500
995
216
523
946
888
270
843
739
759
76
901
974
509
502
652
965
299
205
350
756
807
305
554
908
423
702
337
739
5
753
434
978
702
871
505
955
381
786
658
460
845
369
999
212
867
51
258
321
714
744
188
420
824
836
659
706
925
217
178
423
795
792
482
633
833
235
70
14
522
874
821
779
643
448
633
195
354
225
532
72
578
34
730
633
842
629
889
423
637
224
181
845
396
801
760
5
152
352
662
177
20
289
551
100
758
140
854
166
662
707
206
725
671
775
437
751
827
207
504
633
164
871
477
290
988
233
344
601
933
114
373
231
517
571
844
835
658
74
563
857
659
197
509
246
582
643
720
866
878
55
5
